e_pop_num	e_inc_100k	c_newinc_100k	e_abs_inc	c_abs_inc	e_inc_rr_num	e_inc_rr_num_lo	e_inc_rr_num_hi	composite_rr_pct	composite_rr_pct_hi	composite_rr_pct_lo	composite_rr_sd	composite_rr_var
37171921	189	130	70254.93069	48323.4973	2500	1000	4700	5.17346661496704	9.72611723613804	2.06938664598682	0.0195324759952837	0.000381517618506335
2882740	18	15	518.8932	432.411	14	4	28	3.23766046654687	6.47532093309375	0.925045847584821	0.0141588650140534	0.000200473458486185
42228408	69	56	29137.60152	23647.90848	780	350	1400	3.29838894911014	5.92018529327461	1.48004632331865	0.0113268851274387	0.000128298326690191
55465	0	0	0	0	0	0	0	NA	NA	NA	NA	NA
77006	3	2.6	2.31018	2.002156	0	0	0	0	0	0	0	0
30809787	355	215	109374.74385	66241.04205	3900	1700	7100	5.88758853922649	10.7184304175662	2.56638474786796	0.0207960348716791	0.000432475066384094
14731	22	0	3.24082	0	0	0	1	NA	Inf	NA	NA	NA
96286	6	5.2	5.77716	5.006872	0	0	0	0	0	0	0	0
44361150	27	23	11977.5105	10203.0645	560	360	800	5.48854709288567	7.84078156126524	3.52835170256936	0.0110010965783058	0.000121024125925212
2951745	31	25	915.04095	737.93625	240	160	330	32.5231346203686	44.7193101030069	21.6820897469124	0.0587684192757511	0.00345372710417048
105845	5.4	4.7	5.71563	4.974715	0	0	0	0	0	0	0	0
24898152	6.6	5.8	1643.278032	1444.092816	61	38	89	4.22410521845571	6.16303876135341	2.63140980821831	0.00900925753350791	8.1166721305069e-05
8891388	7.1	5.3	631.288548	471.243564	19	8	34	4.03188530337149	7.21495264813845	1.69763591720905	0.0140747875789015	0.000198099645391201
9949537	63	51	6268.20831	5074.26387	1300	940	1600	25.6194796586327	31.5316672721634	18.524854522396	0.0331806447698147	0.00110095518734063
385637	14	12	53.98918	46.27644	3	0	11	6.48278043859899	23.7701949415296	0	0.0606382524018613	0.00367699765435184
1569446	11	9.8	172.63906	153.805708	9	2	19	5.85153835773117	12.3532476440991	1.30034185727359	0.0281961882316978	0.000795025030797334
161376708	221	166	356642.52468	267885.33528	5900	3200	9600	2.20243485662744	3.58362281756329	1.19454093918776	0.006094596628509	3.71441080642332e-05
286641	0.4	0.35	1.146564	1.0032435	0	0	0	0	0	0	0	0
9452617	31	25	2930.31127	2363.15425	1400	1000	1700	59.2428530638658	71.9377501489799	42.316323617047	0.0755648636018696	0.00571004861116916
11482178	9	8	1033.39602	918.57424	26	12	45	2.83047345198794	4.8988963592099	1.30637236245597	0.00916460203253553	8.39899304147543e-05
383071	30	26	114.9213	99.59846	11	1	36	11.0443474728425	36.145137183848	1.00403158844022	0.0896456775393056	0.00803634750148117
11485044	56	35	6431.62464	4019.7654	100	20	250	2.48770736720108	6.2192684180027	0.497541473440216	0.0145962422055165	0.000213050286522103
62756	3.7	3.2	2.321972	2.008192	0	0	0	0	0	0	0	0
754388	149	119	1124.03812	897.72172	150	100	210	16.7089641097243	23.3925497536141	11.1393094064829	0.0312582661916612	0.000977079205308747
11353142	108	67	12261.39336	7606.60514	350	110	740	4.60126421127731	9.72838718955773	1.44611160925858	0.0211282540313754	0.00044640311841433
3323925	25	20	830.98125	664.785	4	0	11	0.601698293433215	1.65467030694134	0	0.00422109772178914	1.78176659768935e-05
2254068	275	206	6198.687	4643.38008	300	180	450	6.46081076352466	9.69121614528699	3.8764864581148	0.0148334940999291	0.00022003254721263
209469323	45	39	94261.19535	81693.03597	2500	1900	3200	3.06023637182253	3.91710255593283	2.32577964258512	0.00405949722792784	1.64795177435538e-05
29802	3.9	3.4	1.162278	1.013268	0	0	0	0	0	0	0	0
428963	68	59	291.69484	253.08817	0	0	0	0	0	0	0	0
7051608	22	18	1551.35376	1269.28944	36	17	63	2.83623253022573	4.96340692789503	1.33933202816215	0.00924508902993081	8.5471671171347e-05
19751466	48	30	9480.70368	5925.4398	290	160	470	4.89415148559943	7.9319006835577	2.70022150929624	0.0133461203425037	0.000178118928196592
11175374	111	64	12404.66514	7152.23936	370	150	690	5.173204941508	9.64732813416356	2.0972452465573	0.0192604155296078	0.000370963606373158
543767	46	37	250.13282	201.19379	9	4	16	4.47329910132912	7.95253173569622	1.98813293392405	0.0152153030657453	0.000231505447382479
16249792	302	176	49074.37184	28599.63392	1000	460	1900	3.49654825232113	6.64344167941014	1.60841219606772	0.0128444629677103	0.00016498022892888
25216267	186	93	46902.25662	23451.12831	890	430	1500	3.79512656378451	6.39628072547952	1.83360047463746	0.0116394904358216	0.000135477737605582
37074562	5.6	4.8	2076.175472	1779.578976	25	12	44	1.40482666614735	2.47249493241934	0.674316799750729	0.00458718911395054	2.10423039671463e-05
64174	5.4	4.7	3.465396	3.016178	0	0	0	0	0	0	0	0
4666368	540	233	25198.3872	10872.63744	180	100	270	1.6555320729981	2.48329810949716	0.919740040554502	0.00398866854322106	1.59094767476812e-05
15477729	142	84	21978.37518	13001.29236	710	310	1300	5.46099557136641	9.99900597574132	2.38437834806139	0.0194250704787753	0.000377333363105389
18729160	18	16	3371.2488	2996.6656	95	66	130	3.17019022743145	4.33815504806409	2.20244794747869	0.00544823239945254	2.96832362784444e-05
1427647786	61	56	870865.14946	799482.76016	66000	50000	85000	8.25533748680103	10.6318740360316	6.25404355060684	0.0111679349117979	0.000124722770194155
7371730	67	58	4939.0591	4275.6034	85	58	120	1.98802349160823	2.80662139991749	1.35653367662679	0.0036992033757416	1.3684105615098e-05
631636	60	52	378.9816	328.45072	10	3	22	3.04459676629724	6.69811288585393	0.913379029889172	0.0147569741223591	0.000217768285247975
49661048	33	26	16388.14584	12911.87248	580	370	850	4.49198984034576	6.58308855912741	2.86557972573781	0.00948344090150407	8.99356513323203e-05
832322	35	15	291.3127	124.8483	26	2	83	20.8252735519827	66.4806809544063	1.60194411938328	0.165506981721997	0.0273925609987256
5244359	375	204	19666.34625	10698.49236	560	230	1000	5.23438238918367	9.34711140925655	2.14983562412901	0.0183603974110396	0.000337104193091311
17518	0	0	0	0	0	0	0	NA	NA	NA	NA	NA
4999441	10	8	499.9441	399.95528	11	4	21	2.75030748437675	5.25058701562835	1.00011181250064	0.0108430489875707	0.000117571711346858
25069230	142	84	35598.3066	21058.1532	2200	1100	3600	10.4472599240089	17.0955162392873	5.22362996200445	0.030285424176742	0.000917206917565187
4156405	8.4	8.8	349.13802	365.76364	0	0	0	0	0	0	0	0
11338134	7.2	6.3	816.345648	714.302442	39	19	67	5.45987213634641	9.37978033680025	2.65993770745082	0.0171424556871159	0.000293863786984732
162752	6.4	0	10.416128	0	0	0	0	NA	NA	NA	NA	NA
1189265	5.4	4.3	64.22031	51.138395	0	0	0	0	0	0	0	0
10665677	5.4	4.1	575.946558	437.292757	17	7	31	3.88755581423911	7.08907236714191	1.6007582764514	0.0140008012517615	0.000196022435691326
25549604	513	352	131069.46852	89934.60608	5200	2500	8800	5.78197895854952	9.78488746831458	2.77979757622573	0.0178701272757368	0.000319341448851034
84068091	321	202	269858.57211	169817.54382	6000	3000	10000	3.53320385222375	5.88867308703959	1.76660192611188	0.0105154876554278	0.000110575480631455
5752126	5.4	4.7	310.614804	270.349922	7	1	16	2.58923692236168	5.91825582254098	0.369890988908811	0.014153991922531	0.000200335487343074
958923	260	208	2493.1998	1994.55984	120	63	210	6.01636499409313	10.528638739663	3.15859162189889	0.018801140606541	0.000353482888106927
71625	6.4	5.6	4.584	4.011	0	0	0	0	0	0	0	0
10627141	45	36	4782.21345	3825.77076	230	110	380	6.01186047017621	9.93263903768243	2.87523761617123	0.0180035750548755	0.000324128714756536
17084358	44	35	7517.11752	5979.5253	220	89	420	3.67922182719086	7.02396894281892	1.48841246645449	0.014121317541746	0.000199411609114824
98423598	12	8.4	11810.83176	8267.582232	280	200	380	3.38672168165741	4.59626513939221	2.41908691546958	0.00555402608143526	3.08472057132632e-05
6420746	70	56	4494.5222	3595.61776	100	32	210	2.7811632569086	5.84044283950806	0.889972242210752	0.0126287515237176	0.0001594853650478
1308975	201	101	2631.03975	1322.06475	97	52	160	7.33700826680388	12.1022816772023	3.93324154509074	0.0208393880921213	0.000434280096054045
3452786	89	54	3072.97954	1864.50444	66	20	140	3.53981457936351	7.50869759258927	1.07267108465561	0.0164184349692185	0.000269565006838457
1322920	13	11	171.9796	145.5212	45	29	64	30.9233293843096	43.9798462354626	19.928367825444	0.0613558122704556	0.0037645356993674
1136281	329	263	3738.36449	2988.41903	360	250	500	12.046503398153	16.7312547196569	8.36562735982845	0.0213408861220114	0.000455433420472657
109224414	151	104	164928.86514	113593.39056	1600	1000	2200	1.40853265503584	1.93673240067428	0.880332909397401	0.00269489666142061	7.26246801573597e-06
883483	54	44	477.08082	388.73252	3	2	5	0.771738881017724	1.28623146836287	0.514492587345149	0.0019687216352493	3.87586487709866e-06
5522576	4.7	4.1	259.561072	226.425616	13	4	26	5.74139985998757	11.4827997199751	1.76658457230387	0.0247862631318145	0.000614358840039546
64990511	8.9	7.4	5784.155479	4809.297814	110	76	140	2.28723618819751	2.91102787588775	1.58027227548192	0.00339478469491282	1.15245631248143e-05
277679	22	19	61.08938	52.75901	2	1	3	3.79082170040719	5.68623255061079	1.8954108502036	0.00967046352144691	9.35178647196354e-05
2119275	525	268	11126.19375	5679.657	450	210	770	7.92301366086015	13.5571567085829	3.69740637506807	0.025152424320191	0.000632644449182934
2280094	174	105	3967.36356	2394.0987	120	50	210	5.01232467984716	8.77156818973253	2.08846861660298	0.0170487234008407	0.000290658969598373
4002942	80	58	3202.3536	2321.70636	570	450	700	24.550908324169	30.1502382928391	19.3822960453965	0.0274692404271493	0.000754559169644533
83124418	7.3	6.3	6068.082514	5236.838334	190	89	330	3.62814331629127	6.30151207566378	1.69949871131538	0.0117398300110929	0.000137823608689356
29767102	148	47	44055.31096	13990.53794	870	410	1500	6.21848855084124	10.721531984209	2.9305520756838	0.0198749487462378	0.000395013587665581
10522246	4.5	3.9	473.50107	410.367594	10	1	30	2.43683959118858	7.31051877356573	0.243683959118858	0.0180276398327726	0.000324995797940171
56564	100	87	56.564	49.21068	0	0	0	0	0	0	0	0
111454	2.1	1.8	2.340534	2.006172	0	0	0	0	0	0	0	0
165768	49	43	81.22632	71.28024	0	0	0	0	0	0	0	0
17247849	26	21	4484.44074	3622.04829	120	42	240	3.31304252158383	6.62608504316766	1.15956488255434	0.0139452044913605	0.000194468728305861
12414293	176	115	21849.15568	14276.43695	680	290	1200	4.7630932170369	8.40545861830041	2.03131916608927	0.0162605598270693	0.000264405805889699
1874303	361	108	6766.23383	2024.24724	180	73	340	8.89219441395904	16.7963672263671	3.60627884566117	0.0336481846446579	0.00113220032988099
779006	83	66	646.57498	514.14396	32	15	55	6.22393774692987	10.6973930025357	2.91747081887338	0.0198467402644447	0.000393893099124332
11123178	176	120	19576.79328	13347.8136	570	200	1100	4.27036230113372	8.24105005481947	1.4983727372399	0.017200707442805	0.000295864336532968
9587522	37	30	3547.38314	2876.2566	81	32	150	2.81616042184831	5.2151118923117	1.11255720369316	0.0104657007362718	0.000109530891901199
9707499	6.4	6.2	621.279936	601.864938	22	13	34	3.65530513757889	5.64910793989465	2.15995303584207	0.00890090536748106	7.92261163608532e-05
336713	2.7	2.4	9.091251	8.081112	0	0	0	0	0	0	0	0
1352642280	199	141	2691758.1372	1907225.6148	130000	77000	198000	6.81618362249358	10.3815719788748	4.03727799178466	0.0161844234364545	0.000261935561970458
267670543	316	213	845838.91588	570138.25659	24000	17000	32000	4.20950527746448	5.61267370328597	2.98173290487067	0.00671158366942678	4.50453553517162e-05
81800188	14	11	11452.02632	8998.02068	190	100	310	2.11157549817945	3.44520212860858	1.11135552535761	0.00595369031441575	3.54464283599679e-05
38433600	42	18	16142.112	6918.048	1100	800	1500	15.9004389677551	21.6824167742115	11.5639556129128	0.0258124009216803	0.000666280041341562
4818690	7	6.1	337.3083	293.94009	3	2	5	1.02061613983992	1.70102689973321	0.680410759893283	0.00260361260163246	6.77879857937935e-06
8381516	4	3.5	335.26064	293.35306	31	17	48	10.5674711557466	16.3625359830915	5.79506482734491	0.0269578345809862	0.000726724845295816
60627291	7	6.2	4243.91037	3758.892042	170	110	250	4.52260927157535	6.65089598761081	2.92639423454876	0.00950127998230116	9.02743213020767e-05
2934847	2.9	2.4	85.110563	70.436328	0	0	0	0	0	0	0	0
127202192	14	12	17808.30688	15264.26304	510	220	930	3.34113739172042	6.092662302549	1.44127495329116	0.0118657840542292	0.000140796831221599
9965318	5	4	498.2659	398.61272	36	14	68	9.03132243246026	17.0591645946472	3.51218094595677	0.0345586317568632	0.00119429902890648
18319618	68	70	12457.34024	12823.7326	4800	3000	6900	37.4305995744172	53.8064868882247	23.3941247340108	0.077582556515852	0.00601905307553537
51392565	292	184	150066.2898	94562.3196	2300	1100	4100	2.43225844049621	4.33576504610194	1.16325403675906	0.00809314032995633	6.54989204003656e-05
115847	349	279	404.30603	323.21313	10	2	25	3.09393371488343	7.73483428720857	0.618786742976685	0.0181531825107956	0.000329538035270256
4137312	23	20	951.58176	827.4624	17	7	32	2.05447401597946	3.86724520654957	0.845959888932718	0.00770736050412462	5.940340594054e-05
6304030	116	101	7312.6748	6367.0703	3000	2400	3600	47.1174317016729	56.5409180420075	37.6939453613383	0.0480790119404826	0.00231159138917306
7061507	162	93	11439.64134	6567.20151	160	65	280	2.43634978698864	4.26361212723013	0.989767100964136	0.00835164547516834	6.97499821428998e-05
1928459	29	0	559.25311	0	63	42	89	Inf	Inf	Inf	NA	NA
6859408	11	9.6	754.53488	658.503168	9	2	20	1.36673602153422	3.03719115896493	0.303719115896493	0.00697314296701133	4.86247228383795e-05
2108328	611	333	12881.88408	7020.73224	800	470	1200	11.3948228283379	17.0922342425069	6.69445841164853	0.0265249383440264	0.000703572354154402
4818973	308	162	14842.43684	7806.73626	390	150	720	4.99568561062161	9.22280420422452	1.92141754254677	0.018625986381831	0.000346927368696153
6678559	40	27	2671.4236	1803.21093	99	42	180	5.49020629549977	9.98219326454504	2.32917842839384	0.019522997030998	0.000381147413072355
2801264	44	38	1232.55616	1064.48032	230	180	290	21.6067874321998	27.2433406753823	16.9096597295477	0.0263614309842721	0.000694925043538543
604245	8	7	48.3396	42.29715	2	1	3	4.72845097128294	7.0926764569244	2.36422548564147	0.0120623749267422	0.000145500888873298
26262313	233	129	61191.18929	33878.38377	430	82	1100	1.2692459088936	3.24690813903015	0.242042243091339	0.00766547422433371	5.87594950839244e-05
18143217	181	86	32839.22277	15603.16662	420	110	930	2.69176129582342	5.96032858360901	0.704985101287087	0.013406488475311	0.000179733933238648
31528033	92	80	29005.79036	25222.4264	480	360	620	1.90306829480926	2.45812988079529	1.42730122110694	0.00262966494818456	6.91513773971051e-06
515696	33	27	170.17968	139.23792	4	0	12	2.87278063332173	8.61834189996518	0	0.0219855660713398	0.000483365115477246
19077749	53	36	10111.20697	6867.98964	330	150	580	4.80489950185772	8.44497488205297	2.18404522811715	0.0159717593212648	0.00025509709581641
439248	14	13	61.49472	57.10224	0	0	0	0	0	0	0	0
58413	434	734	253.51242	428.75142	6	4	10	1.39941227483282	2.33235379138803	0.932941516555211	0.00356992927253269	1.27443950108858e-05
4403313	93	55	4095.08109	2421.82215	130	54	230	5.36785907255824	9.49698143606458	2.22972607629342	0.0185389167341101	0.000343691433674267
1267185	13	10	164.73405	126.7185	1	1	2	0.78915075541456	1.57830151082912	0.78915075541456	0.00201313968218	4.0527313799678e-06
126190788	23	18	29023.88124	22714.34184	950	700	1200	4.18237960268366	5.2830058139162	3.08175339145112	0.00561543985322726	3.15331647452129e-05
112640	108	86	121.6512	96.8704	1	1	1	1.03230708245243	1.03230708245243	1.03230708245243	0	0
38682	0	0	0	0	0	0	0	NA	NA	NA	NA	NA
3170216	428	122	13568.52448	3867.66352	720	340	1200	18.6158903502547	31.0264839170911	8.79083710984248	0.0567235887940016	0.00321756552567099
627809	15	13	94.17135	81.61517	0	0	0	0	0	0	0	0
4993	0	0	0	0	0	0	0	NA	NA	NA	NA	NA
36029093	99	86	35668.80207	30985.01998	530	250	900	1.71050398012362	2.90462940020993	0.806841500058313	0.00535149974528473	2.86385495237825e-05
29496004	551	313	162522.98204	92322.49252	8300	4400	14000	8.9902252132133	15.1642352993959	4.76590252266729	0.0265263591243077	0.000703647728391744
53708320	338	257	181534.1216	138030.3824	11000	7400	16000	7.96925996200094	11.5916508538196	5.36113851989155	0.0158941641171633	0.000252624452983321
2448301	524	319	12829.09724	7810.08019	900	620	1200	11.5235692605609	15.3647590140813	7.93845882394199	0.018944643342192	0.000358899511362861
10670	54	47	5.7618	5.0149	0	0	0	0	0	0	0	0
28095714	151	113	42424.52814	31748.15682	1400	770	2300	4.40970481510933	7.24451505339389	2.42533764831013	0.012293819910928	0.000151138008002329
17059560	5.3	4.6	904.15668	784.73976	10	2	23	1.27430780364691	2.93090794838788	0.254861560729381	0.00682664894810842	4.66031358607099e-05
279993	15	13	41.99895	36.39909	0	0	0	0	0	0	0	0
4743131	7.3	6.4	346.248563	303.560384	10	3	22	3.29423749839505	7.2473224964691	0.988271249518514	0.0159669674667107	0.000254944050082997
6465501	41	33	2650.85541	2133.61533	40	8	96	1.87475218412496	4.49940524189991	0.374950436824992	0.0105215683802932	0.000110703401181185
22442822	87	47	19525.25514	10548.12634	600	260	1100	5.68821400749358	10.4283923470716	2.46489273658055	0.0203150500267628	0.000412701257589875
195874683	219	53	428965.55577	103813.58199	21000	13000	32000	20.2285670116102	30.8244830653107	12.5224462452825	0.0466888694388475	0.00217985052947775
1620	71	123	1.1502	1.9926	0	0	0	0	0	0	0	0
2082957	13	10	270.78441	208.2957	0	0	0	0	0	0	0	0
56882	95	83	54.0379	47.21206	4	0	13	8.47241149824854	27.5353373693078	0	0.0702432075747647	0.00493410821039148
5337962	4.1	3.5	218.856442	186.82867	11	4	22	5.88774731415687	11.7754946283137	2.14099902332977	0.0245777949106734	0.000604068002671123
4829473	5.9	5.1	284.938907	246.303123	8	2	17	3.24803027365593	6.90206433151885	0.812007568413982	0.0155358590895532	0.000241362917650454
212228286	265	170	562404.9579	360788.0862	28000	18000	40000	7.76078841596738	11.0868405942391	4.9890782674076	0.0155555161398763	0.000241974082377952
17907	109	95	19.51863	17.01165	2	0	6	11.7566491198679	35.2699473596036	0	0.0899743555091928	0.00809538464929461
4176869	52	41	2171.97188	1712.51629	75	31	140	4.37952038400756	8.17510471681411	1.81020175872312	0.0162369973420688	0.00026364008268635
8606323	432	324	37179.31536	27884.48652	2000	1200	2900	7.17244693950348	10.40004806228	4.30346816370209	0.0155524997412703	0.000241880248202213
6956066	43	37	2991.10838	2573.74442	69	22	140	2.68091887694117	5.43954554741686	0.854785728879793	0.011695815863615	0.000136792108715588
31989260	123	98	39346.7898	31349.4748	3200	2400	4100	10.2075075273669	13.0783690194389	7.6556306455252	0.0138335162599839	0.000191366172115239
106651394	554	348	590848.72276	371146.85112	18000	7700	32000	4.84983233609065	8.62192415305005	2.07465049932767	0.0167022287084755	0.000278964443830222
37921592	16	14	6067.45472	5309.02288	90	63	120	1.69522720158253	2.26030293544337	1.18665904110777	0.00273888748555	7.5015046585024e-06
10256193	24	21	2461.48632	2153.80053	32	17	51	1.48574575752379	2.36790730105355	0.789302433684516	0.00402705323308426	1.62171577420944e-05
3039596	0.95	0.82	28.876162	24.9246872	0	0	0	0	0	0	0	0
2781682	31	27	862.32142	751.05414	8	0	25	1.06516954956137	3.32865484237927	0	0.008491466434641	7.21050022106348e-05
51171706	66	62	33773.32596	31726.45772	1500	1300	1700	4.72791514652585	5.3583038327293	4.0975264603224	0.00321626880716044	1.03443850399133e-05
4051944	86	75	3484.67184	3038.958	1400	1100	1600	46.0684221367982	52.6496252991979	36.1966173931986	0.0419719589438759	0.00176164533758641
19506114	68	59	13264.15752	11508.60726	710	560	880	6.16929558859584	7.6464508703723	4.86592328114601	0.00709318262557728	5.03132397597914e-05
145734038	54	54	78696.38052	78696.38052	41000	26000	59000	52.0989653260866	74.97168181071	33.0383682555671	0.106972738661079	0.0114431668166515
12301970	59	47	7258.1623	5781.9259	180	130	240	3.11314954762737	4.15086606350317	2.24838578439755	0.00485326601812657	2.35541910427022e-05
52441	0	0	0	0	0	0	0	NA	NA	NA	NA	NA
181889	3.2	2.7	5.820448	4.911003	0	0	0	0	0	0	0	0
110211	6.3	5.4	6.943293	5.951394	0	0	0	0	0	0	0	0
196129	6.4	5.6	12.552256	10.983224	0	0	0	0	0	0	0	0
33785	0	0	0	0	0	0	0	NA	NA	NA	NA	NA
211028	124	71	261.67472	149.82988	21	1	70	14.0158958947307	46.7196529824358	0.667423614034797	0.117480176960207	0.0138015919786015
33702756	10	8.8	3370.2756	2965.842528	87	64	110	2.93339916663303	3.70889549804176	2.1579028352243	0.00395661393575884	1.5654793836641e-05
15854323	118	84	18708.10114	13317.63132	240	95	440	1.80212227109468	3.30389083034024	0.713340065641643	0.00660854786912908	4.36729049385704e-05
8802754	17	15	1496.46818	1320.4131	22	10	39	1.66614523894075	2.95362110539497	0.757338744973069	0.00560276112352526	3.1390932207286e-05
97096	18	15	17.47728	14.5644	0	0	0	0	0	0	0	0
7650150	298	224	22797.447	17136.336	640	260	1200	3.73475403376778	7.00266381331459	1.51724382621816	0.0139934183344297	0.000195815756682352
5757499	47	40	2706.02453	2302.9996	46	27	71	1.99739504948242	3.08293583724461	1.17238405078316	0.00487385659811594	2.37544781389983e-05
41940	19	17	7.9686	7.1298	1	0	2	14.0256388678504	28.0512777357009	0	0.0715593819788287	0.00512074514919192
5453014	5.8	5	316.274812	272.6507	6	1	16	2.2006178601412	5.86831429370986	0.366769643356866	0.0140345526794719	0.000196968668912873
2077837	5.3	4.7	110.125361	97.658339	0	0	0	0	0	0	0	0
652857	74	59	483.11418	385.18563	11	4	21	2.85576593290876	5.45191678100764	1.03846033923955	0.01125881745349	0.000126760970451012
15008226	262	111	39321.55212	16659.13086	4000	2200	6300	24.0108564703357	37.8170989407787	13.2059710586846	0.062783489495138	0.0039417665531861
57792518	520	395	300521.0936	228280.4461	11000	7200	16000	4.81863435433334	7.00892269721213	3.15401521374546	0.00983394766190477	9.67065266170823e-05
10975927	146	133	16024.85342	14597.98291	530	240	950	3.63063858388912	6.50774840508427	1.64406275496866	0.0124073613523358	0.000153942615727435
46692858	9.4	9.6	4389.128652	4482.514368	240	170	330	5.35413788549846	7.36193959256039	3.79251433556141	0.00910567667601779	8.29133477281744e-05
21228763	64	41	13586.40832	8703.79283	26	2	79	0.298720345346271	0.907650280090594	0.0229784881035593	0.00225681579588529	5.09321753655736e-06
41801533	71	48	29679.08843	20064.73584	1100	610	1700	5.48225508061311	8.47257603367481	3.04015963561273	0.0138582050970971	0.000192049848513209
575990	38	30	218.8762	172.797	27	14	45	15.6252712720707	26.0421187867845	8.10199251144406	0.0457656282534195	0.00209449272943018
9971638	5.5	4.8	548.44009	478.638624	17	7	30	3.55174011197224	6.26777666818631	1.46248122257681	0.0122584067490038	0.000150268536024023
8525611	6.4	5.5	545.639104	468.908605	18	7	35	3.83870114731633	7.46414111978175	1.49282822395635	0.0152329410607791	0.00023204249336117
16945057	19	16	3219.56083	2711.20912	130	61	220	4.79490862733598	8.1144607539532	2.24991866359612	0.0149605665570334	0.000223818551707426
9100835	84	63	7644.7014	5733.52605	1900	1400	2400	33.1384209896456	41.859058092184	24.4177838871073	0.0444930464415221	0.00197963118164744
69428453	153	122	106225.53309	84702.71266	4000	2300	6100	4.72239893432476	7.20165837484525	2.71537938723673	0.0114445892541034	0.000130978623195138
1267974	498	298	6314.51052	3778.56252	240	82	480	6.35162178023192	12.7032435604638	2.17013744157924	0.026870168670624	0.000722005964387782
7889093	36	31	2840.07348	2445.61883	48	24	81	1.96269342594161	3.31204515627646	0.981346712970803	0.00594565929414708	3.53508644420776e-05
1319	31	0	0.40889	0	0	0	0	NA	NA	NA	NA	NA
103197	10	8.7	10.3197	8.978139	0	0	0	0	0	0	0	0
1389843	21	18	291.86703	250.17174	1	1	2	0.399725404636031	0.799450809272062	0.399725404636031	0.00101970766488783	1.039803721831e-06
11565201	35	28	4047.82035	3238.25628	53	27	89	1.63668330784492	2.74839272449431	0.833782062487037	0.00488421087246753	2.385551584673e-05
82340088	16	14	13174.41408	11527.61232	550	440	670	4.77115281753334	5.81213161408606	3.81692225402667	0.00508981979606989	2.59062655564649e-05
5850901	46	37	2691.41446	2164.83337	800	590	1000	36.9543453591534	46.1929316989418	27.2538297023757	0.0483140357055259	0.00233424604615483
37665	6.1	5.3	2.297565	1.996245	0	0	0	0	0	0	0	0
11508	270	235	31.0716	27.0438	0	0	0	0	0	0	0	0
42729036	200	131	85458.072	55975.03716	1500	820	2300	2.67976597445103	4.10897449415825	1.4649387326999	0.00674498918739375	4.54948791380586e-05
44246156	80	60	35396.9248	26547.6936	13000	8100	18000	48.9684723497035	67.8025001765125	30.5111250794306	0.0951310589211272	0.00904991837145498
9630959	1	0.85	96.30959	81.8631515	6	2	13	7.32930493153565	15.8801606849939	2.44310164384522	0.034278211839665	0.00117499580692495
67141684	8	7.1	5371.33472	4767.059564	93	62	130	1.95088814711525	2.72704794758046	1.30059209807683	0.00363891798342762	1.32417240901129e-05
56313438	253	133	142472.99814	74896.87254	1900	670	3700	2.53682154616706	4.94012616885164	0.894563387332595	0.0103203132181608	0.000106508864920945
327096265	3	2.6	9812.88795	8504.50289	210	160	270	2.46928012978781	3.17478873829861	1.88135628936214	0.00329957257381753	1.08871791698888e-05
3449285	33	29	1138.26405	1000.29265	4	0	11	0.399882974247586	1.09967817918086	0	0.0028053014775022	7.86971637967603e-06
32476244	70	51	22733.3708	16562.88444	4700	3200	6600	28.3766998256011	39.8481316699931	19.3203062642391	0.0523669015452909	0.00274229237745419
292680	46	31	134.6328	90.7308	7	1	19	7.71513091475001	20.94106962575	1.10216155925	0.0506094593533164	0.00256131737603498
28887118	48	38	13865.81664	10977.10484	400	150	770	3.64394807037299	7.014600035468	1.36648052638987	0.0144084681354034	0.000207603954008935
95545962	182	104	173893.65084	99367.80048	8600	5400	13000	8.65471506711165	13.0827088223781	5.43435597237243	0.0195111042091981	0.000380683187462186
11661	0	0	0	0	0	0	0	NA	NA	NA	NA	NA
4862979	0.77	0.62	37.4449383	30.1504698	1	1	3	3.31669790432254	9.95009371296762	3.31669790432254	0.0169219280832783	0.000286351650055642
28498683	48	34	13679.36784	9689.55222	360	180	610	3.71534196654549	6.2954405544243	1.85767098327274	0.0113208407427336	0.000128161435122336
17351708	346	202	60036.90968	35050.45016	3100	1600	5000	8.84439425413645	14.2651520228007	4.56484864729623	0.024745671876287	0.00061234827660886
14438802	210	175	30321.4842	25267.9035	1500	1100	2000	5.93638486865363	7.9151798248715	4.35334890367933	0.0090863033703882	8.25609089387281e-05
7604028571	21484.92	14577.64	10025834.5610423	6886153.664443	484214	300942	717780	7.03170483255788	10.4235257442234	4.37024810459762	0.0154420347949637	0.000238456438608871
